TFIDF CLF
{'estimator__learning_rate': 0.1,
 'estimator__max_depth': 2,
 'estimator__n_estimators': 500}

             precision    recall  f1-score   support

          0     0.8524    0.9486    0.8979      4321
          5     0.9763    0.9364    0.9559       220
          6     0.8986    0.6966    0.7848        89
         26     0.9310    0.9000    0.9153        30
         33     0.8659    0.7320    0.7933        97
        139     1.0000    0.7931    0.8846        29
        163     0.8630    0.8400    0.8514        75
        232     0.8947    0.5730    0.6986        89
        313     0.9286    0.6290    0.7500        62
        339     0.9444    0.6415    0.7640       530
        350     0.8478    0.8298    0.8387        47
        406     0.9688    0.7949    0.8732        39
        409     0.8590    0.8590    0.8590        78
        555     0.8750    0.6176    0.7241        34
        589     0.8710    0.8571    0.8640        63
        597     0.9375    1.0000    0.9677        15
        634     0.9605    0.9733    0.9669        75
        660     0.9544    0.8315    0.8887       730
        695     0.9808    0.9623    0.9714       106
        729     1.0000    0.9565    0.9778        23
        766     0.9474    0.7347    0.8276        49
        773     1.0000    0.9571    0.9781        70
        793     0.9848    0.8667    0.9220        75
        800     0.9936    0.9706    0.9820       477
        810     0.9868    0.8854    0.9333       253
        852     0.9296    0.8148    0.8684        81
        895     0.9732    0.9603    0.9667       151
        951     1.0000    0.9909    0.9954       110
        975     1.0000    0.9714    0.9855        35

avg / total     0.8992    0.8967    0.8930      8053

0.8197104839888872
